START: 2026-07-15T15:27:16.0739413-04:00
END: 2026-07-15T15:27:17.2077399-04:00
DURATION_SECONDS: 1
EXIT_CODE: 0
